1  0.4942231154
2  0.2963201953
3  0.1753922794
4  0.1448220187
5  0.1374273802
6  0.1351324949
7  0.1342490931
8  0.1338511111
9  0.1336498456
10  0.1335387555
11  0.1334731107
12  0.1334321471
13  0.1334054219
14  0.1333873292
15  0.1333746925
16  0.1333656282
17  0.1333589747
18  0.1333539919
19  0.1333501935
20  0.1333472525
21  0.1333449431
22  0.1333431068
23  0.1333416300
24  0.1333404302
25  0.1333394461
26  0.1333386320
27  0.1333379533
28  0.1333373833
29  0.1333369014
30  0.1333364914
31  0.1333361407
32  0.1333358389
33  0.1333355780
34  0.1333353513
35  0.1333351535
36  0.1333349803
37  0.1333348279
38  0.1333346933
39  0.1333345741
40  0.1333344682
41  0.1333343737
42  0.1333342893
43  0.1333342135
44  0.1333341454
45  0.1333340840
46  0.1333340285
47  0.1333339782
